209.0
116.0
172.0
292.0
249.0
92.0
67.0
193.0
11.0
3.0
0.0
24.0
37.0
24.0
0.0
0.0
16.0
4.0
1.0
1.0
165.0
30.0
16.0
64.0
500.0
359.0
144.0
281.0
98.0
71.0
333.0
41.0
176.0
350.0
793.0
426.0
406.0
911.0
107.0
266.0
2.0
190.0
79.0
1099.0
146.0
6.0
546.0
75.0
805.0
97.0
14.0
10.0
111.0
112.0
17.0
169.0
527.0
912.0
141.0
37.0
652.0
817.0
293.0
15.0
9.0
1373.0
311.0
101.0
29.0
20.0
17.0
31.0
77.0
305.0
678.0
695.0
71.0
17.0
53.0
442.0
1203.0
0.0
23.0
53.0
413.0
1297.0
12.0
128.0
424.0
243.0
979.0
2.0
1.0
653.0
1080.0
50.0
5.0
105.0
445.0
580.0
651.0
47.0
193.0
351.0
437.0
758.0
