曾經持有投資產品-新興市場股票基金、單一新興國家股票基金、衍生性商品 & 家庭年收入-100 萬元~300 萬元:
[   684   4101   5847   6894   7648   7756  11065  13015  13016  13192
  13290  13347  14179  14610  14631  14934  15008  15746  21585  22409
  24531  27159  27573  29377  33054  33065  33066  33378  42204  43221
  46917  47405  48707  50895  51714  52314  53048  55502  55510  55513
  55914  57456  58386  58756  60136  60281  60363  60456  60773  60918
  62341  72132  72158  73117  73661  74046  76392  78973  80151  80878
  83335  83960  84160  84445  84989  86539  87598  90136  91001  91288
  92133  93049  93286  95059  95458  96125  98181  98441 100529 100542
 100606 101275 101614 101976 104953 104972 105002 105146 105188 105292
 105528 105582 105983 106130 106131 106443 106760 111638 112657 120220
 120458 122885 123447 123814 123855 124739 125516 126622 131553 134426
 135485 136408 139156 139544 143726 144414 147827 147951 148472 148633
 148760 149029 149287 150296 151399 152722 152776 152912 153928 154607
 154918 154956 155148 155969 158075 158533 159728 160509 161138 162023
 162971 163081 163431 163662 163750 164735 164970 165259 165270 166592
 167262 167376 167396 168284 169021 170835 171692 172323 173462 173551
 173908 176252 176457 177180 177583 177706 178594 178816 179060 179112
 179323 179681 179759 179959 180246 180350 180497 181005 181021 181030
 182909 183676 183844 184370 185021 185037 185048 185135 185348 185432
 186585 186861 187080 187364 188107 188247 188980 189145 189855 193509
 193710 193739 193745 193856 194023 194090 194216 194644 194956 195038
 195076 196075 196078 197507 197707 197837 198004 198024 198076 198356
 198657 199091 199190 199673 200047 200203 201142 201832 202002 202003
 202281 202364 203798 206873 207496 207674 208504 209203 209237 210794
 211039 211639 211867 211956 212397 213466 213894 213977 214198 215228
 216443 217058 217547 223580 225681 228253 228551 228693 229425 233934
 234265 235397 237901 239650 240234 241306 241563 242121 242383 243248
 243751 243913 246006 246384 248083 250968 251147 251406 251750 252005
 253025 253834 254026 255902 255960 256197 257069 257116 257176 257907
 259226 259589 260131 260136 260192 260988 261486 261673 269318 269963
 270507 270591 270857 271264 271628 272175 272518 275040 277543 277635
 278229 278712 279502 279598 279780 279889 280141 280611 280849 280859
 280950 281053 281128 281949 282310 282635 283459 284093 285172 287153
 287232 287233 287251 287704 287883 288256 288382 288923 289746 289903
 291288 291952 292110 293571 294191 295898 295909 296089 296127 296142
 296152 296220 296257 296525 296532 296714 296797 296877 296986 297585
 297849 298252 298257 298312 298417 298457 298472 298477 298697 299081
 299083 299727 301134 301710 302857 302911 302936 302964 303055 303083
 303315 303412 303585 303697 303805 304132 304823 304943 305220 305261
 305279 305331 305350 305420 305561 305662 305705 305746 305802 305811
 305812 305952 306001 306016 306326 306413 306437 306793 306801 306921
 306940 306981 307024 307198 307755 307840 307855 307908 307952 308129
 308142 308196 308213 308438 308699 309561 309669 309677 309738 309767
 309797 309800 309833 310030 310084 310119 310137 310158 310175 310187
 310202 310282 310601 310729 310772 310815 310895 310897 310932 310962
 310964 310965 310972 310996 311040 311053 311111 311119 311168 311178
 311186 311188 311222 311232 311267 311311 311329 311364 311411 311422
 311449 311553 311555 311582 311605 311620 311713 311719 311738 311859
 311864 311886 311953 311970 311977 311979 312052 312106 312152 312224
 312262 312269 312288 312292 312294 312295 312297 312299 312305 312350
 312353 312376 312377 312397 312422 312456 312465 312469 312493 312495
 312531 312535 312542 312544 312556 312602 312612 312621 312633 312665
 312684 312687 312739 312750 312803 312812 312876 312883 312909 312910
 312941 312950 313015 313034 313075 313088 313089 313102 313127 313135
 313203 313229 313241 313243 313256 313284 313323 313337 313418 313427
 313447 313783 313870 313915 314051 314352 314448 314504 314505 314524
 314577 314610 314615 314632 314720 314734 314830 314836 314942 314992
 314998 315041 315054 315056 315074 315090 315112 315113 315122 315165
 315174 315259 315290 315481 315528 315633 315668 315708 315783 316036
 316234 316272 316322 316332 316365 316387 316440 316447 316600 316601
 316708 316714 316730 316840 316859 316971 316977 317061 317184 317205
 317265 317411 317424 317439 317449 317466 317484 317794 317829 317927
 318038 318135 318177 318180 318208 318268 318277 318293 318297 318301
 318303 318340 318354 318359 318362 318458 318550 318564 318571 318585
 318587 318594 318599 318612 318635 318642 318654 318879 319181 319252
 319269]

曾經持有投資產品-新興市場股票基金、單一新興國家股票基金、衍生性商品 & 家庭年收入-300 萬元~500 萬元:
[   124   1649   4029  10751  14481  17393  43804  60133  60902  73226
  76050  79139  93091  95302  95809  97782 101150 103813 105314 105435
 117370 126927 140809 143389 148221 149559 158009 158599 161201 162443
 162918 163931 165535 165951 167397 177392 179480 188419 190248 192031
 192208 198056 204884 210909 230374 239529 257762 258794 259822 278227
 283141 285511 296896 297407 298367 298681 303522 303580 304969 305713
 305830 307164 307165 308080 308179 308305 309599 310179 310183 310198
 310515 310525 310826 310845 311262 311277 311278 311752 311903 312413
 312592 312808 313045 313072 313112 313205 313280 313670 313866 314125
 314419 314502 314503 314570 314820 316058 316903 316964 317203 317221
 317399 317782 317957 318370 318403 318653 318662]

曾經持有投資產品-新興市場股票基金、單一新興國家股票基金、衍生性商品 & 家庭年收入-500 萬元以上:
[ 11271  28266  60120 141728 154972 166852 177168 248928 257642 287488
 296440 306751 307697 309549 309919 310031 310150 310681 313094 313317
 314187 314766 315264 316239 316642 317149 317519 318278 318444 318672]

基金投資目的偏好-新興市場股票基金、單一新興國家股票基金、衍生性商品 & 家庭年收入-50 萬元以下:
[ 34719  50966  75631  85933  88905  98909 100066 155213 181467 184199
 185141 185313 185813 189649 193748 199393 201004 201315 210048 211951
 212300 215745 219078 233499 239971 241358 242799 243315 246366 246503
 251521 255503 256981 258885 262129 271125 271126 281448 283431 287470
 289839 290232 292668 292835 292837 293798 293941 294407 296167 296507
 297405 298314 302940 302987 302988 303000 303053 303603 304746 304794
 305818 305972 306597 306657 307224 307841 308058 308078 308331 308372
 309663 309858 309860 310038 310225 310626 310852 310977 311141 311157
 311231 311346 311351 311369 311840 311865 311887 311895 312012 312237
 312671 312820 312828 312898 312968 313252 313788 314178 314320 314731
 315025 315272 315841 315983 316307 316338 316609 317316 317390 317955
 318328 318427 318446 318544 318920 319032 319239 319242]

基金投資目的偏好-新興市場股票基金、單一新興國家股票基金、衍生性商品 & 家庭年收入-300 萬元~500 萬元:
[   124   1649   4029  10751  17393  43804  60133  60902  73226  73230
  76050  79139  93091  95302  97782 101150 103813 105314 117370 126927
 140809 148221 149559 158599 161201 162443 162918 163931 165535 165951
 167397 171236 177392 179480 184074 188419 190248 192031 192208 204884
 210909 230374 239529 252477 257762 258794 278227 285511 295829 296896
 298367 298681 302694 303522 303580 304969 305713 305830 307164 308080
 308179 308305 309599 309748 310179 310183 310198 310525 310826 310845
 310866 311120 311262 311277 311278 311681 311703 311708 311752 311903
 312124 312413 312440 312592 312680 312808 313045 313104 313112 313205
 313280 313670 313866 314125 314419 314502 314503 314570 314790 314820
 316058 316903 316964 317221 317782 317957 318370 318403 318653 318662]

基金投資目的偏好-新興市場股票基金、單一新興國家股票基金、衍生性商品 & 家庭年收入-500 萬元以上:
[ 11271  60120 141728 166852 177168 248928 257642 287488 296440 306751
 307697 309549 309919 310031 310150 310681 313094 313317 314187 314766
 315264 316239 316642 317149 317519 318278 318280 318444 318672]

